50
0 20 10 42 39 17 15 50 9 38 15 46 17 26 22 38 44 49 31 16 6 13 15 17 50 36 48 3 32 36 1 36 28 8 39 37 28 32 49 32 33 36 38 48 27 10 1 14 1 45
20 0 45 24 46 15 41 13 38 7 37 17 6 4 50 6 11 4 27 36 25 8 19 18 8 1 1 37 14 48 34 19 4 28 39 36 26 38 11 29 24 28 46 29 22 45 13 34 48 16
10 45 0 33 33 43 31 14 47 27 12 25 43 20 33 4 2 21 3 41 21 18 25 19 25 1 29 34 44 1 21 33 47 46 32 45 9 7 35 7 37 5 6 34 41 2 23 37 1 12
42 24 33 0 32 5 26 29 17 19 33 8 11 10 29 14 46 7 9 7 27 43 17 21 6 12 29 17 16 15 24 43 48 38 18 18 1 24 18 19 30 5 28 10 5 2 35 2 2 20
39 46 33 32 0 27 28 11 22 47 46 29 27 37 5 4 46 11 4 46 15 42 13 26 26 25 31 14 13 11 23 6 9 24 25 14 24 6 5 41 16 27 49 15 7 40 11 28 15 21
17 15 43 5 27 0 29 49 37 43 11 50 16 36 22 19 32 8 21 33 25 43 47 43 24 49 21 25 4 18 29 13 40 33 39 48 50 36 10 3 23 33 31 14 36 46 8 15 21 28
15 41 31 26 28 29 0 45 13 28 47 16 14 36 36 39 30 10 46 43 42 33 6 24 9 38 24 36 49 38 8 41 10 29 32 9 16 42 21 9 47 34 41 42 22 12 34 23 8 39
50 13 14 29 11 49 45 0 45 15 13 43 41 39 13 42 1 9 12 11 14 2 3 23 13 10 35 22 18 50 16 42 27 1 47 38 5 31 34 24 30 39 50 19 40 45 35 18 26 38
9 38 47 17 22 37 13 45 0 11 12 14 18 36 33 1 1 42 28 46 3 37 34 29 34 34 25 31 32 10 46 24 21 31 22 7 21 33 6 45 8 32 44 16 39 21 40 22 38 40
38 7 27 19 47 43 28 15 11 0 29 34 39 49 39 38 19 39 15 32 24 20 31 48 3 30 6 20 47 14 31 49 40 39 47 15 49 22 17 42 7 24 5 23 40 48 27 8 20 7
15 37 12 33 46 11 47 13 12 29 0 25 24 1 12 40 48 18 5 6 15 40 39 48 30 21 14 49 23 1 29 39 16 7 50 25 10 26 35 9 41 40 23 44 9 43 37 48 43 2
46 17 25 8 29 50 16 43 14 34 25 0 12 45 22 49 23 14 26 14 44 2 10 26 9 49 44 5 50 21 14 6 2 8 1 10 14 14 38 32 43 1 36 39 2 44 45 34 21 50
17 6 43 11 27 16 14 41 18 39 24 12 0 39 28 40 31 15 26 14 39 21 11 15 31 44 12 9 46 46 5 18 24 1 6 7 32 14 5 1 16 17 27 33 32 46 45 35 26 29
26 4 20 10 37 36 36 39 36 49 1 45 39 0 45 26 1 28 35 42 44 41 50 25 27 20 3 38 44 40 5 47 15 3 27 32 32 18 24 2 21 4 23 41 4 29 45 9 29 36
22 50 33 29 5 22 36 13 33 39 12 22 28 45 0 25 32 2 8 49 26 49 42 36 3 28 25 16 26 49 26 50 14 18 14 25 32 30 34 13 27 49 8 43 41 25 48 5 30 41
38 6 4 14 4 19 39 42 1 38 40 49 40 26 25 0 44 27 50 37 45 30 40 24 12 24 34 46 33 13 31 20 15 15 12 13 13 29 40 5 33 18 9 24 9 42 6 24 17 21
44 11 2 46 46 32 30 1 1 19 48 23 31 1 32 44 0 41 13 22 40 28 44 31 13 16 27 23 24 8 44 7 40 44 10 42 47 25 3 30 11 36 15 37 17 8 11 3 47 27
49 4 21 7 11 8 10 9 42 39 18 14 15 28 2 27 41 0 32 8 38 37 23 6 25 27 6 44 8 38 18 21 49 3 49 44 42 37 48 21 16 21 13 43 30 48 48 48 7 26
31 27 3 9 4 21 46 12 28 15 5 26 26 35 8 50 13 32 0 8 26 39 19 38 17 22 14 25 24 44 40 14 38 41 36 16 47 25 12 24 42 11 31 25 18 4 44 48 28 4
16 36 41 7 46 33 43 11 46 32 6 14 14 42 49 37 22 8 8 0 11 23 35 33 34 35 50 42 26 43 9 48 22 41 13 19 18 1 1 32 23 22 14 1 21 49 4 20 50 15
6 25 21 27 15 25 42 14 3 24 15 44 39 44 26 45 40 38 26 11 0 17 26 30 21 49 13 26 49 48 32 26 17 7 47 11 11 50 15 48 33 10 13 33 14 7 16 37 12 42
13 8 18 43 42 43 33 2 37 20 40 2 21 41 49 30 28 37 39 23 17 0 17 38 9 47 12 24 39 33 13 1 12 31 39 8 17 27 5 32 42 19 29 49 38 1 23 34 43 4
15 19 25 17 13 47 6 3 34 31 39 10 11 50 42 40 44 23 19 35 26 17 0 48 13 39 25 29 17 30 14 36 29 26 45 40 50 35 20 39 49 6 30 34 15 27 44 8 29 43
17 18 19 21 26 43 24 23 29 48 48 26 15 25 36 24 31 6 38 33 30 38 48 0 11 14 37 40 22 34 11 24 33 19 25 3 34 26 10 3 4 21 2 2 36 37 17 21 45 33
50 8 25 6 26 24 9 13 34 3 30 9 31 27 3 12 13 25 17 34 21 9 13 11 0 14 14 1 33 23 30 38 7 17 8 26 45 14 25 46 22 15 28 43 39 32 31 16 47 4
36 1 1 12 25 49 38 10 34 30 21 49 44 20 28 24 16 27 22 35 49 47 39 14 14 0 38 38 41 41 36 13 7 39 43 27 36 49 23 48 2 16 5 37 18 22 14 7 26 21
48 1 29 29 31 21 24 35 25 6 14 44 12 3 25 34 27 6 14 50 13 12 25 37 14 38 0 46 49 11 24 34 49 30 6 13 14 44 14 28 17 49 17 47 42 8 45 50 36 46
3 37 34 17 14 25 36 22 31 20 49 5 9 38 16 46 23 44 25 42 26 24 29 40 1 38 46 0 22 2 20 36 21 27 43 49 4 28 26 49 32 2 13 10 12 26 17 33 26 22
32 14 44 16 13 4 49 18 32 47 23 50 46 44 26 33 24 8 24 26 49 39 17 22 33 41 49 22 0 4 32 8 2 6 37 42 33 12 5 44 5 7 12 31 48 34 35 28 15 44
36 48 1 15 11 18 38 50 10 14 1 21 46 40 49 13 8 38 44 43 48 33 30 34 23 41 11 2 4 0 16 9 16 40 37 49 41 5 6 28 10 47 42 48 37 26 5 32 46 18
1 34 21 24 23 29 8 16 46 31 29 14 5 5 26 31 44 18 40 9 32 13 14 11 30 36 24 20 32 16 0 39 50 1 11 28 5 33 7 18 24 17 8 30 37 31 26 47 20 35
36 19 33 43 6 13 41 42 24 49 39 6 18 47 50 20 7 21 14 48 26 1 36 24 38 13 34 36 8 9 39 0 30 38 3 11 27 14 9 28 35 18 43 36 30 30 23 31 48 23
28 4 47 48 9 40 10 27 21 40 16 2 24 15 14 15 40 49 38 22 17 12 29 33 7 7 49 21 2 16 50 30 0 47 39 30 22 33 21 6 45 12 14 13 30 49 27 39 36 43
8 28 46 38 24 33 29 1 31 39 7 8 1 3 18 15 44 3 41 41 7 31 26 19 17 39 30 27 6 40 1 38 47 0 42 1 8 43 23 19 32 12 23 26 7 2 26 41 25 26
39 39 32 18 25 39 32 47 22 47 50 1 6 27 14 12 10 49 36 13 47 39 45 25 8 43 6 43 37 37 11 3 39 42 0 44 34 42 49 39 26 12 24 16 23 5 18 7 2 49
37 36 45 18 14 48 9 38 7 15 25 10 7 32 25 13 42 44 16 19 11 8 40 3 26 27 13 49 42 49 28 11 30 1 44 0 39 46 29 8 49 27 29 7 44 27 45 31 36 36
28 26 9 1 24 50 16 5 21 49 10 14 32 32 32 13 47 42 47 18 11 17 50 34 45 36 14 4 33 41 5 27 22 8 34 39 0 8 28 50 21 18 23 43 30 7 37 2 30 25
32 38 7 24 6 36 42 31 33 22 26 14 14 18 30 29 25 37 25 1 50 27 35 26 14 49 44 28 12 5 33 14 33 43 42 46 8 0 33 23 34 43 44 10 7 17 28 28 33 47
49 11 35 18 5 10 21 34 6 17 35 38 5 24 34 40 3 48 12 1 15 5 20 10 25 23 14 26 5 6 7 9 21 23 49 29 28 33 0 7 7 16 46 28 12 17 1 38 18 25
32 29 7 19 41 3 9 24 45 42 9 32 1 2 13 5 30 21 24 32 48 32 39 3 46 48 28 49 44 28 18 28 6 19 39 8 50 23 7 0 8 30 9 22 21 20 6 19 15 50
33 24 37 30 16 23 47 30 8 7 41 43 16 21 27 33 11 16 42 23 33 42 49 4 22 2 17 32 5 10 24 35 45 32 26 49 21 34 7 8 0 34 24 19 35 14 26 14 42 21
36 28 5 5 27 33 34 39 32 24 40 1 17 4 49 18 36 21 11 22 10 19 6 21 15 16 49 2 7 47 17 18 12 12 12 27 18 43 16 30 34 0 49 3 13 21 38 48 37 18
38 46 6 28 49 31 41 50 44 5 23 36 27 23 8 9 15 13 31 14 13 29 30 2 28 5 17 13 12 42 8 43 14 23 24 29 23 44 46 9 24 49 0 39 3 33 12 16 16 13
48 29 34 10 15 14 42 19 16 23 44 39 33 41 43 24 37 43 25 1 33 49 34 2 43 37 47 10 31 48 30 36 13 26 16 7 43 10 28 22 19 3 39 0 43 20 32 40 13 1
27 22 41 5 7 36 22 40 39 40 9 2 32 4 41 9 17 30 18 21 14 38 15 36 39 18 42 12 48 37 37 30 30 7 23 44 30 7 12 21 35 13 3 43 0 31 31 42 11 13
10 45 2 2 40 46 12 45 21 48 43 44 46 29 25 42 8 48 4 49 7 1 27 37 32 22 8 26 34 26 31 30 49 2 5 27 7 17 17 20 14 21 33 20 31 0 21 32 50 5
1 13 23 35 11 8 34 35 40 27 37 45 45 45 48 6 11 48 44 4 16 23 44 17 31 14 45 17 35 5 26 23 27 26 18 45 37 28 1 6 26 38 12 32 31 21 0 50 7 12
14 34 37 2 28 15 23 18 22 8 48 34 35 9 5 24 3 48 48 20 37 34 8 21 16 7 50 33 28 32 47 31 39 41 7 31 2 28 38 19 14 48 16 40 42 32 50 0 36 32
1 48 1 2 15 21 8 26 38 20 43 21 26 29 30 17 47 7 28 50 12 43 29 45 47 26 36 26 15 46 20 48 36 25 2 36 30 33 18 15 42 37 16 13 11 50 7 36 0 37
45 16 12 20 21 28 39 38 40 7 2 50 29 36 41 21 27 26 4 15 42 4 43 33 4 21 46 22 44 18 35 23 43 26 49 36 25 47 25 50 21 18 13 1 13 5 12 32 37 0
